1
1
29
0.182463 -0.067192 0.048987 0.054853 -0.064401 -0.022893 0.056734 -0.026831 0.006614 0.034699 0.102911 -0.011598 0.013072 0.160279 0.159665 0.067572 -0.029895 -0.059710 0.046631 -0.043854 -0.277425 -0.089933 -0.012006 -0.029193 -0.037095 0.021508 -0.006876 -0.019861 0.058166 
0.005942 0.507313 0.000956 0.105659 -0.061445 0.057478 0.130314 0.006322 0.028728 0.020218 -0.070291 -0.028117 0.003305 0.024875 0.318923 0.140170 0.012370 -0.089216 0.107948 -0.099110 -0.035153 -0.062490 -0.038300 -0.047554 -0.032181 -0.009849 0.031015 -0.011904 -0.160930 
-0.081275 -0.106782 0.100968 0.018008 -0.002864 -0.086573 -0.166020 0.009342 -0.149786 -0.082545 -0.081848 0.018197 0.020254 0.224488 0.191205 -0.009433 -0.079571 -0.058020 0.030351 -0.005867 0.066945 -0.043455 0.071572 -0.187614 -0.061958 0.024397 0.067562 0.027448 -0.014588 
0.175940 -0.013355 0.099709 0.634651 -0.007262 -0.069209 -0.197724 -0.051836 0.023058 0.042591 -0.048191 -0.013736 -0.027897 0.040948 0.267655 0.108869 0.109504 -0.109501 0.030075 -0.085922 -0.024354 0.135303 -0.213578 -0.039172 0.160921 0.133731 0.185369 -0.009721 -0.274935 
0.105958 -0.061490 0.051738 0.009494 0.304303 -0.081419 -0.217801 -0.077124 0.024147 0.037956 0.022536 -0.014663 0.067226 -0.044484 -0.044891 0.019700 0.054200 0.085667 0.001401 -0.002857 -0.021568 0.187510 -0.027547 0.037678 0.123722 0.182117 0.214729 0.052590 -0.181338 
0.015137 -0.055796 -0.048673 -0.068676 0.022175 0.195508 0.012973 0.034598 0.012001 -0.124158 0.112299 0.027928 0.144168 -0.063667 0.012787 -0.178558 -0.032584 0.045330 -0.058150 -0.002207 -0.047828 0.060271 -0.021018 -0.078909 0.090475 0.000944 -0.078400 0.023304 0.258725 
-0.075149 0.018781 -0.012594 -0.027737 -0.026502 0.051634 0.275325 0.070496 -0.030345 -0.004733 0.061804 0.123222 0.038409 -0.072825 0.070139 0.000080 -0.089783 -0.080183 0.040252 0.019442 -0.068397 -0.083338 0.085364 0.018842 -0.107614 -0.082742 -0.151714 0.016476 0.109321 
-0.087902 -0.035289 -0.017036 -0.146403 -0.012880 0.031530 -0.096314 0.087993 -0.017155 -0.091932 -0.087319 0.010052 -0.055541 0.017868 -0.207589 -0.097571 0.011669 0.062119 -0.102672 0.066956 0.196921 0.087942 -0.053816 0.008563 0.054320 0.032804 -0.039383 0.005007 0.036350 
0.006158 0.056454 -0.038530 0.019168 0.057936 0.052755 0.009009 0.014076 0.137211 -0.004409 -0.089736 0.007990 0.088200 0.057514 0.076014 -0.019648 0.002720 0.070626 -0.005600 -0.014140 0.024011 0.114577 -0.058944 -0.043681 0.113830 0.105070 -0.007359 0.206650 -0.290871 
-0.090270 -0.005508 -0.040714 -0.305880 0.055038 0.110950 0.164203 0.034618 -0.111155 0.102425 -0.066834 0.034165 0.022109 -0.265089 -0.159153 -0.063158 -0.019703 0.038895 -0.037761 0.016782 0.052025 0.065307 -0.182709 0.077756 -0.035607 0.026504 -0.078811 -0.029812 -0.030965 
0.083952 0.189856 0.025551 0.126656 -0.094544 0.174498 0.196061 0.104431 0.126573 -0.013621 0.151686 -0.036767 0.128861 0.048251 0.061748 -0.025399 0.005315 0.057020 0.038786 -0.076568 -0.129975 -0.066795 -0.025692 0.184349 0.101034 -0.056044 -0.091767 -0.046132 0.085553 
-0.007231 -0.091148 -0.036780 -0.087606 0.048060 0.015043 0.062373 -0.005042 -0.042637 0.036872 -0.010533 0.069183 0.049533 0.040155 -0.071508 -0.063049 -0.080784 0.048003 0.016134 0.002466 -0.003311 -0.010257 0.015148 0.022643 -0.107633 0.077937 -0.070423 -0.108509 -0.003339 
0.007382 -0.027187 -0.020121 0.008228 0.044010 -0.033397 -0.059261 -0.015240 0.015222 0.030858 -0.122903 0.002528 0.092283 0.041186 -0.015832 0.055047 0.030414 0.057599 -0.028681 -0.024761 0.045450 0.026937 -0.020573 -0.049136 0.011401 0.088692 0.100650 -0.025667 -0.059797 
-0.052683 -0.071207 -0.000043 -0.000551 -0.024250 0.040144 0.088760 0.038333 0.028601 -0.018201 0.041733 0.084098 -0.013377 0.132797 0.002119 -0.115808 -0.051888 -0.002434 -0.036924 -0.016275 -0.141363 -0.016171 -0.028641 -0.015461 -0.032261 0.008714 -0.074708 0.028354 0.028701 
0.079762 0.014920 0.045010 0.034366 0.068923 -0.043730 -0.067396 -0.077714 -0.003465 0.062715 0.084999 -0.004532 0.080548 -0.099597 0.268175 -0.014050 0.040456 -0.017415 -0.062678 -0.016474 -0.009907 0.071314 -0.111493 0.088488 0.091174 -0.037764 0.147054 -0.055995 -0.087337 
0.035206 -0.002565 0.033768 0.040908 -0.016413 0.063023 -0.061611 0.013479 0.007182 0.001309 -0.011795 -0.044019 -0.005998 -0.030921 -0.003691 0.250139 0.038698 0.003279 -0.042254 -0.002830 0.030639 -0.036848 -0.061383 -0.022327 -0.123191 -0.047290 0.090083 0.081772 -0.023643 
0.081855 -0.025714 0.061494 0.027996 -0.008696 0.049111 0.150082 0.011985 0.048000 0.025196 0.027573 -0.021843 0.055605 0.014528 0.086331 0.105586 0.205065 0.033205 -0.041721 0.037490 -0.104863 0.065037 -0.161839 0.066986 -0.092931 -0.015527 0.022292 -0.006879 0.167133 
0.064490 0.012566 0.050262 0.104751 -0.097037 -0.005597 0.006326 0.052708 -0.028355 0.043713 0.047028 0.022632 0.061929 0.018270 0.000656 -0.111454 -0.003519 0.201060 -0.027040 -0.058102 0.009363 0.027737 -0.111547 -0.041520 -0.061078 0.047870 -0.024055 0.020096 -0.061424 
-0.056242 0.007441 0.000721 0.017315 -0.013816 0.029728 -0.082691 -0.012253 0.006243 -0.003756 -0.005406 0.068036 -0.001202 0.013831 0.017313 0.035037 0.001063 0.088857 0.129160 0.075596 0.050395 0.019448 -0.000697 -0.064468 0.082821 0.057143 0.035142 0.042685 0.107971 
0.009140 0.044990 0.063170 0.038499 0.033587 0.057619 -0.196820 -0.028583 -0.001423 0.070840 -0.015002 0.087798 0.018965 -0.044651 -0.030188 0.021408 0.023169 0.068128 -0.025480 0.265711 0.074422 -0.009920 0.044370 0.055578 0.012771 0.095829 0.060279 0.111153 -0.010493 
0.020484 0.045798 -0.033472 0.079181 -0.051013 -0.007997 -0.024463 0.019144 -0.081687 -0.003800 -0.010718 -0.122342 -0.036522 -0.121843 -0.063162 0.172602 -0.069675 0.026101 0.032941 -0.068998 0.229888 -0.010257 0.092739 -0.047903 -0.091855 0.047768 0.071808 -0.068459 0.005755 
0.000636 0.037852 0.014002 -0.033129 -0.016434 -0.034118 0.098359 -0.010417 -0.008835 0.043257 0.056135 -0.018434 -0.003268 -0.024712 -0.000363 -0.053069 0.004179 -0.021724 -0.037016 -0.018625 -0.042935 0.191015 -0.018512 -0.008263 0.025125 -0.025101 -0.014694 -0.091493 0.009308 
-0.039425 0.000571 -0.036477 -0.058258 -0.006912 0.008433 0.069766 0.027950 -0.011508 -0.019740 -0.033692 -0.015012 0.031831 0.103197 -0.084937 0.026812 -0.061644 -0.059754 0.071940 -0.028638 0.004730 -0.013963 0.289267 0.021788 0.003594 -0.046613 0.028458 -0.045822 0.047747 
0.053887 -0.030999 0.007650 0.013943 0.036155 -0.020207 0.081221 -0.048320 -0.006136 0.027210 0.094033 -0.031964 0.102914 0.014273 0.089330 -0.038237 0.006746 -0.004399 0.085298 0.043521 0.004176 0.061634 0.011464 0.224343 0.121379 -0.067417 -0.002746 -0.087679 0.127135 
-0.049289 0.027422 -0.043685 -0.013876 0.010954 0.017725 0.058485 0.018198 0.013015 -0.002121 -0.012227 0.107970 -0.139061 0.092815 -0.115577 -0.091735 -0.168172 -0.007922 -0.017229 0.047015 -0.018226 -0.085922 -0.000570 -0.008540 0.112468 0.042429 -0.074718 -0.018085 0.031909 
-0.003821 0.010141 0.000383 0.003472 -0.042109 0.003813 0.042130 0.033450 0.002270 -0.014646 0.044813 -0.024429 -0.070141 0.075385 -0.067747 0.037921 -0.032498 -0.008458 -0.043462 -0.078134 -0.037053 -0.055157 0.047388 -0.001820 -0.063457 0.104369 -0.074722 -0.065530 0.032373 
-0.025603 0.036571 0.051950 0.027731 -0.037337 0.018180 0.047112 0.003757 -0.036602 0.005207 -0.054080 0.016339 -0.052032 -0.027068 0.078043 -0.051704 -0.020092 -0.017873 -0.013160 0.011926 -0.001079 -0.000118 -0.030371 0.017521 0.032130 0.034667 0.006815 0.043975 -0.105983 
-0.024337 -0.164494 -0.044215 -0.040154 0.039633 -0.011361 -0.084663 0.016756 -0.009783 -0.034799 0.058578 0.104558 0.009706 -0.019481 -0.127789 0.034420 -0.013477 0.044152 -0.042635 -0.000117 0.039341 -0.005542 0.050790 -0.000692 -0.061917 -0.002081 -0.043115 0.352349 0.112930 
0.003843 -0.002956 -0.099289 -0.064368 -0.025815 0.013820 -0.013070 0.035565 0.056238 0.024535 0.044801 -0.036381 0.025680 -0.123514 -0.084331 0.011296 0.034056 -0.013685 -0.016401 -0.008296 -0.019540 -0.053675 0.035710 -0.015741 0.008386 -0.021494 -0.031094 -0.094650 0.277957 
3.678456 -4.785886 0.854407 -0.747884 1.874220 1.648037 -0.281756 0.300572 -0.376745 0.246374 -1.059559 1.378561 0.590019 0.922674 -0.660126 0.790147 0.959755 0.577826 -1.163626 -1.034974 -0.753548 -0.333759 0.174632 -1.056865 0.012611 0.485536 -0.901102 1.824128 0.813438 
1.0 1.0 1.0 1.0 1.0 1.0 1.0 1.0 1.0 1.0 1.0 1.0 1.0 1.0 1.0 1.0 1.0 1.0 1.0 1.0 1.0 1.0 1.0 1.0 1.0 1.0 1.0 1.0 1.0 
